00000 1464885044.4029114246 12.2164211273
00001 1464885044.4492828846 12.2164211273
00002 1464885044.4956843853 12.2164211273
00003 1464885044.5429689884 12.2164211273
00004 1464885044.5886659622 12.2164211273
00005 1464885044.6379945278 12.2164211273
00006 1464885044.6815962791 12.2164211273
00007 1464885044.7281148434 12.2164211273
00008 1464885044.7745392323 12.2164211273
00009 1464885044.8210508823 12.2164211273
00010 1464885044.8674626350 12.2164211273
00011 1464885044.9138834476 12.2164211273
00012 1464885044.9602689743 12.2164211273
00013 1464885045.0080592632 12.2164211273
00014 1464885045.0537714958 12.2164211273
00015 1464885045.1001834869 12.2164211273
00016 1464885045.1461966038 12.2164211273
00017 1464885045.1930418015 12.2164211273
00018 1464885045.2407205105 12.2164211273
00019 1464885045.2855381966 12.2164211273
00020 1464885045.3319382668 12.2164211273
00021 1464885045.3785312176 12.2164211273
00022 1464885045.4248204231 12.2164211273
00023 1464885045.4713015556 12.2164211273
00024 1464885045.5177588463 12.2164211273
00025 1464885045.5641460419 12.2164211273
00026 1464885045.6105272770 12.2164211273
00027 1464885045.6571154594 12.2164211273
00028 1464885045.7035009861 12.2164211273
00029 1464885045.7499456406 12.2164211273
00030 1464885045.7964348793 12.2164211273
00031 1464885045.8427746296 12.2164211273
00032 1464885045.8914232254 12.2164211273
00033 1464885045.9357988834 12.4213333130
00034 1464885045.9822969437 12.4213333130
00035 1464885046.0302598476 12.4213333130
00036 1464885046.0781304836 12.4213333130
00037 1464885046.1256828308 12.6543159485
00038 1464885046.1685063839 12.6543159485
00039 1464885046.2145388126 12.6543159485
00040 1464885046.2609608173 12.6543159485
00041 1464885046.3074159622 12.6543159485
00042 1464885046.3570210934 12.6543159485
00043 1464885046.4002590179 12.6543159485
00044 1464885046.4467303753 12.8712978363
00045 1464885046.4931960106 12.8712978363
00046 1464885046.5396161079 12.8712978363
00047 1464885046.5906426907 13.1792278290
00048 1464885046.6324868202 13.1792278290
00049 1464885046.6789360046 13.1792278290
00050 1464885046.7290725708 13.1792278290
00051 1464885046.7724509239 13.1792278290
00052 1464885046.8232982159 13.1792278290
00053 1464885046.8648114204 13.4411230087
00054 1464885046.9112303257 13.4411230087
00055 1464885046.9576072693 13.4411230087
00056 1464885047.0074961185 13.4411230087
00057 1464885047.0506186485 13.4411230087
00058 1464885047.1001174450 13.4411230087
00059 1464885047.1434211731 13.4411230087
00060 1464885047.1899738312 13.4411230087
00061 1464885047.2363464832 13.4411230087
00062 1464885047.2828619480 13.4411230087
00063 1464885047.3292531967 13.4411230087
00064 1464885047.3756945133 13.4411230087
00065 1464885047.4223034382 13.4411230087
00066 1464885047.4685647488 13.4411230087
00067 1464885047.5151104927 13.4411230087
00068 1464885047.5615055561 13.4411230087
00069 1464885047.6079649925 13.4411230087
00070 1464885047.6542870998 13.4411230087
00071 1464885047.7007105350 13.4411230087
00072 1464885047.7473051548 13.4411230087
00073 1464885047.7937951088 13.4411230087
00074 1464885047.8409843445 13.4411230087
00075 1464885047.8867206573 13.4411230087
00076 1464885047.9331121445 13.4411230087
00077 1464885047.9824662209 13.4411230087
00078 1464885048.0259735584 13.7291231155
00079 1464885048.0726513863 13.7291231155
00080 1464885048.1216018200 13.7291231155
00081 1464885048.1653959751 13.7291231155
00082 1464885048.2143018246 13.7291231155
00083 1464885048.2582991123 13.9309473038
00084 1464885048.3046913147 13.9309473038
00085 1464885048.3511536121 13.9309473038
00086 1464885048.3975822926 13.9309473038
00087 1464885048.4440133572 13.9309473038
00088 1464885048.4904854298 13.9309473038
00089 1464885048.5369086266 13.9309473038
00090 1464885048.5833847523 13.9309473038
00091 1464885048.6297328472 13.9309473038
00092 1464885048.6787025928 13.9309473038
00093 1464885048.7258095741 13.7776842117
00094 1464885048.7691161633 13.7776842117
00095 1464885048.8156182766 13.7776842117
00096 1464885048.8620593548 13.7776842117
00097 1464885048.9115469456 13.7776842117
00098 1464885048.9549915791 13.7776842117
00099 1464885049.0014555454 13.7776842117
00100 1464885049.0478689671 13.7776842117
00101 1464885049.0944950581 13.7776842117
00102 1464885049.1407942772 13.7776842117
00103 1464885049.1872618198 13.7776842117
00104 1464885049.2336845398 13.7776842117
00105 1464885049.2801060677 13.7776842117
00106 1464885049.3265547752 13.7776842117
00107 1464885049.3730154037 13.7776842117
00108 1464885049.4194600582 13.7776842117
00109 1464885049.4659457207 13.7776842117
00110 1464885049.5123369694 13.7776842117
00111 1464885049.5614762306 13.7776842117
00112 1464885049.6081979275 14.0735435486
00113 1464885049.6545677185 14.0735435486
00114 1464885049.6981623173 14.0735435486
00115 1464885049.7454893589 14.0735435486
00116 1464885049.7910516262 14.0735435486
00117 1464885049.8420255184 14.0735435486
00118 1464885049.8839075565 14.3225259781
00119 1464885049.9304478168 14.3225259781
00120 1464885049.9769399166 14.3225259781
00121 1464885050.0232768059 14.3225259781
00122 1464885050.0724740028 14.3225259781
00123 1464885050.1162230968 14.6164207458
00124 1464885050.1628012657 14.6164207458
00125 1464885050.2091183662 14.6164207458
00126 1464885050.2556066513 14.6164207458
00127 1464885050.3020462990 14.6164207458
00128 1464885050.3485002518 14.6164207458
00129 1464885050.3949196339 14.6164207458
00130 1464885050.4416310787 14.6164207458
00131 1464885050.4879715443 14.6164207458
00132 1464885050.5382606983 14.6164207458
00133 1464885050.5807573795 14.4642810822
00134 1464885050.6272189617 14.4642810822
00135 1464885050.6736395359 14.4642810822
00136 1464885050.7219240665 14.4642810822
00137 1464885050.7701337337 14.4642810822
00138 1464885050.8141629696 14.2922105789
00139 1464885050.8594243526 14.2922105789
00140 1464885050.9059059620 14.2922105789
00141 1464885050.9523410797 14.2922105789
00142 1464885051.0026903152 14.2922105789
00143 1464885051.0452423096 14.2922105789
00144 1464885051.0915837288 14.0151576996
00145 1464885051.1381299496 14.0151576996
00146 1464885051.1845526695 14.0151576996
00147 1464885051.2337875366 13.6519298553
00148 1464885051.2776808739 13.6519298553
00149 1464885051.3238205910 13.6519298553
00150 1464885051.3703758717 13.6519298553
00151 1464885051.4167375565 13.6519298553
00152 1464885051.4656639099 13.6519298553
00153 1464885051.5099494457 12.9987363815
00154 1464885051.5563814640 12.9987363815
00155 1464885051.6026442051 12.9987363815
00156 1464885051.6490547657 12.9987363815
00157 1464885051.7012805939 12.9987363815
00158 1464885051.7450726032 12.1715087891
00159 1464885051.7884526253 12.1715087891
00160 1464885051.8379573822 12.1715087891
00161 1464885051.8844871521 12.1715087891
00162 1464885051.9311730862 12.1715087891
00163 1464885051.9749393463 12.1715087891
00164 1464885052.0215213299 12.1715087891
00165 1464885052.0673038960 11.4043512344
00166 1464885052.1165292263 11.4043512344
00167 1464885052.1627261639 11.4043512344
00168 1464885052.2063510418 10.7390880585
00169 1464885052.2528848648 10.7390880585
00170 1464885052.2992708683 10.7390880585
00171 1464885052.3457331657 10.7390880585
00172 1464885052.3942465782 10.7390880585
00173 1464885052.4385967255 10.1658945084
00174 1464885052.4850981236 10.1658945084
00175 1464885052.5315563679 10.1658945084
00176 1464885052.5779767036 10.1658945084
00177 1464885052.6265881062 10.1658945084
00178 1464885052.6738827229 9.6906661987
00179 1464885052.7182729244 9.6906661987
00180 1464885052.7641587257 9.6906661987
00181 1464885052.8132302761 9.6906661987
00182 1464885052.8595769405 9.6906661987
00183 1464885052.9032120705 9.3785266876
00184 1464885052.9495892525 9.3785266876
00185 1464885052.9961025715 9.3785266876
00186 1464885053.0425686836 9.3785266876
00187 1464885053.0889949799 9.3785266876
00188 1464885053.1353492737 9.3785266876
00189 1464885053.1819541454 9.3785266876
00190 1464885053.2316033840 9.3785266876
00191 1464885053.2770583630 9.3785266876
00192 1464885053.3212494850 9.3785266876
00193 1464885053.3683190346 9.3785266876
00194 1464885053.4141345024 9.3785266876
00195 1464885053.4604544640 9.3785266876
00196 1464885053.5069789886 9.3785266876
00197 1464885053.5564818382 9.3785266876
00198 1464885053.5999310017 9.3504562378
00199 1464885053.6464021206 9.3504562378
00200 1464885053.6927108765 9.3504562378
00201 1464885053.7405211926 9.3504562378
00202 1464885053.7877037525 9.3504562378
00203 1464885053.8332340717 9.5163507462
00204 1464885053.8787348270 9.5163507462
00205 1464885053.9250731468 9.5163507462
00206 1464885053.9715294838 9.5163507462
00207 1464885054.0207016468 9.5163507462
00208 1464885054.0644974709 9.7981758118
00209 1464885054.1109294891 9.7981758118
00210 1464885054.1581733227 9.7981758118
00211 1464885054.2040627003 9.7981758118
00212 1464885054.2538776398 9.7981758118
00213 1464885054.2967166901 10.1069469452
00214 1464885054.3462481499 10.1069469452
00215 1464885054.3895926476 10.1069469452
00216 1464885054.4360241890 10.1069469452
00217 1464885054.4852232933 10.1069469452
00218 1464885054.5289349556 10.3379650116
00219 1464885054.5753867626 10.3379650116
00220 1464885054.6218175888 10.3379650116
00221 1464885054.6682438850 10.3379650116
00222 1464885054.7177016735 10.3379650116
00223 1464885054.7625625134 10.5779647827
00224 1464885054.8075754642 10.5779647827
00225 1464885054.8539068699 10.5779647827
00226 1464885054.9023029804 10.5779647827
00227 1464885054.9490957260 10.5779647827
00228 1464885054.9934098721 10.8148775101
00229 1464885055.0398223400 10.8148775101
00230 1464885055.0863826275 10.8148775101
00231 1464885055.1357581615 10.8148775101
00232 1464885055.1819012165 10.9928417206
00233 1464885055.2256767750 10.9928417206
00234 1464885055.2721505165 10.9928417206
00235 1464885055.3185594082 10.9928417206
00236 1464885055.3649811745 10.9928417206
00237 1464885055.4114346504 10.9928417206
00238 1464885055.4579215050 10.9928417206
00239 1464885055.5043687820 10.9928417206
00240 1464885055.5508391857 10.9928417206
00241 1464885055.5972938538 10.9928417206
00242 1464885055.6437561512 10.9928417206
00243 1464885055.6902143955 10.9928417206
00244 1464885055.7366669178 10.9928417206
00245 1464885055.7830049992 10.9928417206
00246 1464885055.8293654919 10.9928417206
00247 1464885055.8759474754 10.9928417206
00248 1464885055.9224998951 10.9928417206
00249 1464885055.9688866138 10.9928417206
00250 1464885056.0153341293 10.9928417206
00251 1464885056.0617642403 10.9928417206
00252 1464885056.1113221645 10.9928417206
00253 1464885056.1546041965 10.9928417206
00254 1464885056.2033143044 10.9928417206
00255 1464885056.2475624084 10.9928417206
00256 1464885056.2939684391 10.9928417206
00257 1464885056.3431243896 10.9928417206
00258 1464885056.3881578445 10.9928417206
00259 1464885056.4333729744 10.9928417206
00260 1464885056.4824604988 10.9928417206
00261 1464885056.5262520313 10.9928417206
00262 1464885056.5727524757 10.9928417206
00263 1464885056.6191139221 10.9928417206
00264 1464885056.6656117439 10.9928417206
00265 1464885056.7119400501 10.9928417206
00266 1464885056.7590088844 10.9928417206
00267 1464885056.8072061539 10.9928417206
00268 1464885056.8513641357 10.8586664200
00269 1464885056.8978247643 10.8586664200
00270 1464885056.9443202019 10.8586664200
00271 1464885056.9907793999 10.8586664200
00272 1464885057.0397834778 10.8586664200
00273 1464885057.0836677551 10.5614032745
00274 1464885057.1301658154 10.5614032745
00275 1464885057.1791620255 10.5614032745
00276 1464885057.2232999802 10.5614032745
00277 1464885057.2727937698 10.5614032745
00278 1464885057.3167674541 10.2001399994
00279 1464885057.3644454479 10.2001399994
00280 1464885057.4088842869 10.2001399994
00281 1464885057.4571926594 10.2001399994
00282 1464885057.5045073032 10.2001399994
00283 1464885057.5481622219 9.8559999466
00284 1464885057.5954477787 9.8559999466
00285 1464885057.6410913467 9.8559999466
00286 1464885057.6875522137 9.8559999466
00287 1464885057.7365217209 9.8559999466
00288 1464885057.7803957462 9.5969123840
00289 1464885057.8286702633 9.5969123840
00290 1464885057.8733415604 9.5969123840
00291 1464885057.9197754860 9.5969123840
00292 1464885057.9691166878 9.5969123840
00293 1464885058.0127196312 9.3636493683
00294 1464885058.0591473579 9.3636493683
00295 1464885058.1056218147 9.3636493683
00296 1464885058.1520681381 9.3636493683
00297 1464885058.1984624863 9.3636493683
00298 1464885058.2448983192 9.3636493683
00299 1464885058.2913892269 9.3636493683
00300 1464885058.3378436565 9.3636493683
00301 1464885058.3842508793 9.3636493683
00302 1464885058.4333403111 9.3636493683
00303 1464885058.4772062302 9.5424556732
00304 1464885058.5236024857 9.5424556732
00305 1464885058.5700533390 9.5424556732
00306 1464885058.6165273190 9.5424556732
00307 1464885058.6684455872 9.5424556732
00308 1464885058.7093405724 9.7883510590
00309 1464885058.7558403015 9.7883510590
00310 1464885058.8024201393 9.7883510590
00311 1464885058.8487710953 9.7883510590
00312 1464885058.8980014324 9.7883510590
00313 1464885058.9415643215 10.1832981110
00314 1464885058.9880788326 10.1832981110
00315 1464885059.0345909595 10.1832981110
00316 1464885059.0809969902 10.1832981110
00317 1464885059.1301128864 10.1832981110
00318 1464885059.1738779545 10.6472978592
00319 1464885059.2203798294 10.6472978592
00320 1464885059.2667851448 10.6472978592
00321 1464885059.3132116795 10.6472978592
00322 1464885059.3661584854 10.6472978592
00323 1464885059.4061625004 11.1531229019
00324 1464885059.4546170235 11.1531229019
00325 1464885059.4990694523 11.1531229019
00326 1464885059.5455036163 11.1531229019
00327 1464885059.5946564674 11.1531229019
00328 1464885059.6384344101 11.6160001755
00329 1464885059.6848306656 11.6160001755
00330 1464885059.7315435410 11.6160001755
00331 1464885059.7776403427 11.6160001755
00332 1464885059.8266239166 11.6160001755
00333 1464885059.8706536293 12.0668067932
00334 1464885059.9170751572 12.0668067932
00335 1464885059.9635097980 12.0668067932
00336 1464885060.0099680424 12.0668067932
00337 1464885060.0590119362 12.0668067932
00338 1464885060.1028642654 12.0668067932
00339 1464885060.1494083405 12.4356489182
00340 1464885060.1957848072 12.4356489182
00341 1464885060.2422924042 12.4356489182
00342 1464885060.2911546230 12.8075790405
00343 1464885060.3351380825 12.8075790405
00344 1464885060.3816597462 12.8075790405
00345 1464885060.4279634953 12.8075790405
00346 1464885060.4774966240 12.8075790405
00347 1464885060.5235369205 13.0734033585
00348 1464885060.5703785419 13.0734033585
00349 1464885060.6137886047 13.0734033585
00350 1464885060.6602458954 13.0734033585
00351 1464885060.7066936493 13.0734033585
00352 1464885060.7554612160 13.0734033585
00353 1464885060.7996423244 13.3411931992
00354 1464885060.8460183144 13.3411931992
00355 1464885060.8925783634 13.3411931992
00356 1464885060.9388091564 13.3411931992
00357 1464885060.9853749275 13.3411931992
00358 1464885061.0318295956 13.3411931992
00359 1464885061.0783047676 13.3411931992
00360 1464885061.1246948242 13.3411931992
00361 1464885061.1711809635 13.3411931992
00362 1464885061.2176573277 13.3411931992
00363 1464885061.2641363144 13.3411931992
00364 1464885061.3109786510 13.3411931992
00365 1464885061.3570430279 13.3411931992
00366 1464885061.4034309387 13.3411931992
00367 1464885061.4527637959 13.3411931992
00368 1464885061.4963302612 13.2300348282
00369 1464885061.5428175926 13.2300348282
00370 1464885061.5892856121 13.2300348282
00371 1464885061.6357429028 13.2300348282
00372 1464885061.6851398945 13.2300348282
00373 1464885061.7286586761 13.2300348282
00374 1464885061.7751934528 13.2300348282
00375 1464885061.8213706017 13.2300348282
00376 1464885061.8679680824 13.2300348282
00377 1464885061.9144105911 13.2300348282
00378 1464885061.9608898163 13.2300348282
00379 1464885062.0072891712 13.2300348282
00380 1464885062.0537159443 13.2300348282
00381 1464885062.1001837254 13.2300348282
00382 1464885062.1493382454 13.2300348282
00383 1464885062.1931023598 13.1528425217
00384 1464885062.2395522594 13.1528425217
00385 1464885062.2860095501 13.1528425217
00386 1464885062.3325283527 13.1528425217
00387 1464885062.3816704750 13.1528425217
00388 1464885062.4253735542 12.8656845093
00389 1464885062.4747653008 12.8656845093
00390 1464885062.5182189941 12.8656845093
00391 1464885062.5646650791 12.8656845093
00392 1464885062.6139378548 12.8656845093
00393 1464885062.6576089859 12.4524908066
00394 1464885062.7040386200 12.4524908066
00395 1464885062.7535777092 12.4524908066
00396 1464885062.7981870174 12.4524908066
00397 1464885062.8460285664 12.4524908066
00398 1464885062.8899006844 11.8694734573
00399 1464885062.9363157749 11.8694734573
00400 1464885062.9827294350 11.8694734573
00401 1464885063.0305469036 11.8694734573
00402 1464885063.0782687664 11.8694734573
00403 1464885063.1222426891 11.2962808609
00404 1464885063.1716403961 11.2962808609
00405 1464885063.2179586887 11.2962808609
00406 1464885063.2621297836 11.2962808609
00407 1464885063.3104193211 11.2962808609
00408 1464885063.3543815613 10.7921400070
00409 1464885063.4008588791 10.7921400070
00410 1464885063.4472339153 10.7921400070
00411 1464885063.4937174320 10.7921400070
00412 1464885063.5433025360 10.7921400070
00413 1464885063.5866608620 10.2689123154
00414 1464885063.6334013939 10.2689123154
00415 1464885063.6798226833 10.2689123154
00416 1464885063.7259273529 10.2689123154
00417 1464885063.7746105194 10.2689123154
00418 1464885063.8187625408 9.7658948898
00419 1464885063.8653571606 9.7658948898
00420 1464885063.9117660522 9.7658948898
00421 1464885063.9582602978 9.7658948898
00422 1464885064.0071761608 9.7658948898
00423 1464885064.0542299747 9.2707366943
00424 1464885064.0976231098 9.2707366943
00425 1464885064.1440758705 9.2707366943
00426 1464885064.1905829906 9.2707366943
00427 1464885064.2398848534 9.2707366943
00428 1464885064.2833130360 8.8395786285
00429 1464885064.3297059536 8.8395786285
00430 1464885064.3762435913 8.8395786285
00431 1464885064.4227707386 8.8395786285
00432 1464885064.4715497494 8.4724206924
00433 1464885064.5156259537 8.4724206924
00434 1464885064.5620636940 8.4724206924
00435 1464885064.6084792614 8.4724206924
00436 1464885064.6551871300 8.4724206924
00437 1464885064.7051911354 8.4724206924
00438 1464885064.7483479977 8.1392278671
00439 1464885064.7941844463 8.1392278671
00440 1464885064.8405921459 8.1392278671
00441 1464885064.8873393536 8.1392278671
00442 1464885064.9371080399 8.1392278671
00443 1464885064.9801211357 7.8961405754
00444 1464885065.0280761719 7.8961405754
00445 1464885065.0730032921 7.8961405754
00446 1464885065.1194624901 7.8961405754
00447 1464885065.1716241837 7.8961405754
00448 1464885065.2123363018 7.8961405754
00449 1464885065.2589058876 7.8961405754
00450 1464885065.3052413464 7.7381052971
00451 1464885065.3517160416 7.7381052971
00452 1464885065.3986182213 7.7381052971
00453 1464885065.4446430206 7.7381052971
00454 1464885065.4910337925 7.7381052971
00455 1464885065.5374829769 7.7381052971
00456 1464885065.5839166641 7.7381052971
00457 1464885065.6303360462 7.7381052971
00458 1464885065.6768207550 7.7381052971
00459 1464885065.7232260704 7.7381052971
00460 1464885065.7727456093 7.7381052971
00461 1464885065.8173604012 7.7381052971
00462 1464885065.8625934124 7.7381052971
00463 1464885065.9091663361 7.7381052971
00464 1464885065.9568386078 7.7381052971
00465 1464885066.0033049583 7.7381052971
00466 1464885066.0484561920 7.7381052971
00467 1464885066.0954005718 7.7381052971
00468 1464885066.1413695812 7.7381052971
00469 1464885066.1890609264 7.7381052971
00470 1464885066.2342388630 7.7381052971
00471 1464885066.2807157040 7.7381052971
00472 1464885066.3298730850 7.7381052971
00473 1464885066.3736362457 7.7861051559
00474 1464885066.4200415611 7.7861051559
00475 1464885066.4664793015 7.7861051559
00476 1464885066.5129375458 7.7861051559
00477 1464885066.5616774559 7.7861051559
00478 1464885066.6058852673 7.7861051559
00479 1464885066.6522793770 7.8360700607
00480 1464885066.6987569332 7.8360700607
00481 1464885066.7451770306 7.8360700607
00482 1464885066.7916522026 7.8360700607
00483 1464885066.8383321762 7.8360700607
00484 1464885066.8849208355 7.8360700607
00485 1464885066.9310286045 7.8360700607
00486 1464885066.9774737358 7.8360700607
00487 1464885067.0242156982 7.8360700607
00488 1464885067.0707554817 7.8360700607
00489 1464885067.1170244217 7.8360700607
00490 1464885067.1632602215 7.8360700607
00491 1464885067.2096190453 7.8360700607
00492 1464885067.2585470676 7.8360700607
00493 1464885067.3024635315 7.8360700607
00494 1464885067.3488881588 7.8360700607
00495 1464885067.3954091072 7.7330527306
00496 1464885067.4418199062 7.7330527306
00497 1464885067.4905045033 7.6828069687
00498 1464885067.5347483158 7.6828069687
00499 1464885067.5812218189 7.6828069687
00500 1464885067.6276931763 7.6828069687
00501 1464885067.6741557121 7.6828069687
00502 1464885067.7205255032 7.6828069687
00503 1464885067.7670817375 7.6828069687
00504 1464885067.8132975101 7.6828069687
00505 1464885067.8599457741 7.6828069687
00506 1464885067.9064333439 7.6828069687
00507 1464885067.9528613091 7.6828069687
00508 1464885067.9993264675 7.6828069687
00509 1464885068.0474305153 7.6828069687
00510 1464885068.0922093391 7.6828069687
00511 1464885068.1406543255 7.6828069687
00512 1464885068.1851177216 7.6828069687
00513 1464885068.2315585613 7.6828069687
00514 1464885068.2779941559 7.6828069687
00515 1464885068.3244323730 7.6828069687
00516 1464885068.3708593845 7.6828069687
00517 1464885068.4173874855 7.6828069687
00518 1464885068.4637796879 7.6828069687
00519 1464885068.5103626251 7.6828069687
00520 1464885068.5567097664 7.6828069687
00521 1464885068.6031570435 7.6828069687
00522 1464885068.6496243477 7.6828069687
00523 1464885068.6960544586 7.6828069687
00524 1464885068.7425310612 7.6828069687
00525 1464885068.7888848782 7.6828069687
00526 1464885068.8352773190 7.6828069687
00527 1464885068.8818178177 7.6828069687
00528 1464885068.9283010960 7.6828069687
00529 1464885068.9769070148 7.6828069687
00530 1464885069.0211896896 7.6828069687
00531 1464885069.0701963902 7.6828069687
00532 1464885069.1141407490 7.6828069687
00533 1464885069.1604688168 7.6828069687
00534 1464885069.2068781853 7.6828069687
00535 1464885069.2533695698 7.6828069687
00536 1464885069.2997879982 7.6828069687
00537 1464885069.3486726284 7.6828069687
00538 1464885069.3927168846 7.6828069687
00539 1464885069.4391748905 7.6336841583
00540 1464885069.4856441021 7.6336841583
00541 1464885069.5320789814 7.6336841583
00542 1464885069.5820724964 7.6336841583
00543 1464885069.6282324791 7.5155086517
00544 1464885069.6715111732 7.5155086517
00545 1464885069.7180163860 7.5155086517
00546 1464885069.7644119263 7.5155086517
00547 1464885069.8190102577 7.5155086517
00548 1464885069.8573520184 7.2724208832
00549 1464885069.9054498672 7.2724208832
00550 1464885069.9504804611 7.2724208832
00551 1464885069.9969041348 7.2724208832
00552 1464885070.0499010086 7.2724208832
00553 1464885070.0895888805 7.0032281876
00554 1464885070.1359724998 7.0032281876
00555 1464885070.1824579239 7.0032281876
00556 1464885070.2288925648 7.0032281876
00557 1464885070.2782647610 7.0032281876
00558 1464885070.3217976093 6.7491931915
00559 1464885070.3696405888 6.7491931915
00560 1464885070.4147448540 6.7491931915
00561 1464885070.4611511230 6.7491931915
00562 1464885070.5105221272 6.7491931915
00563 1464885070.5570487976 6.4769124985
00564 1464885070.6009745598 6.4769124985
00565 1464885070.6480922699 6.4769124985
00566 1464885070.6952049732 6.4769124985
00567 1464885070.7431225777 6.4769124985
00568 1464885070.7883045673 6.1998596191
00569 1464885070.8338866234 6.1998596191
00570 1464885070.8792574406 6.1998596191
00571 1464885070.9257104397 6.1998596191
00572 1464885070.9777333736 6.1998596191
00573 1464885071.0185105801 5.9848423004
00574 1464885071.0680990219 5.9848423004
00575 1464885071.1114315987 5.9848423004
00576 1464885071.1579973698 5.9848423004
00577 1464885071.2082736492 5.9848423004
00578 1464885071.2508718967 5.7737545967
00579 1464885071.2973046303 5.7737545967
00580 1464885071.3437154293 5.7737545967
00581 1464885071.3900430202 5.7737545967
00582 1464885071.4388089180 5.7737545967
00583 1464885071.4830546379 5.6286315918
00584 1464885071.5295076370 5.6286315918
00585 1464885071.5759918690 5.6286315918
00586 1464885071.6224687099 5.6286315918
00587 1464885071.6716129780 5.6286315918
00588 1464885071.7182261944 5.5233683586
00589 1464885071.7619152069 5.5233683586
00590 1464885071.8082938194 5.5233683586
00591 1464885071.8545565605 5.5233683586
00592 1464885071.9023478031 5.5233683586
00593 1464885071.9474709034 5.5233683586
00594 1464885071.9939019680 5.5233683586
00595 1464885072.0412781239 5.5233683586
00596 1464885072.0868589878 5.5233683586
00597 1464885072.1341290474 5.5233683586
00598 1464885072.1797449589 5.5233683586
00599 1464885072.2267451286 5.5233683586
00600 1464885072.2727255821 5.5233683586
00601 1464885072.3192410469 5.5233683586
00602 1464885072.3655738831 5.5233683586
00603 1464885072.4120676517 5.5233683586
00604 1464885072.4585657120 5.5233683586
00605 1464885072.5049476624 5.5233683586
00606 1464885072.5544199944 5.5233683586
00607 1464885072.5980188847 5.5233683586
00608 1464885072.6443130970 5.5233683586
00609 1464885072.6907718182 5.5233683586
00610 1464885072.7372405529 5.5233683586
00611 1464885072.7836763859 5.5233683586
00612 1464885072.8351352215 5.5691227913
00613 1464885072.8764581680 5.5691227913
00614 1464885072.9229850769 5.5691227913
00615 1464885072.9694910049 5.5691227913
00616 1464885073.0159633160 5.5691227913
00617 1464885073.0623641014 5.5691227913
00618 1464885073.1088714600 5.5691227913
00619 1464885073.1553084850 5.5691227913
00620 1464885073.2016198635 5.5691227913
00621 1464885073.2481169701 5.5691227913
00622 1464885073.2974433899 5.5691227913
00623 1464885073.3410563469 5.5929822922
00624 1464885073.3874790668 5.5929822922
00625 1464885073.4359121323 5.5929822922
00626 1464885073.4804024696 5.5929822922
00627 1464885073.5293734074 5.5929822922
00628 1464885073.5733103752 5.6847720146
00629 1464885073.6197636127 5.6847720146
00630 1464885073.6662340164 5.6847720146
00631 1464885073.7127056122 5.6847720146
00632 1464885073.7617807388 5.6847720146
00633 1464885073.8068528175 5.6847720146
00634 1464885073.8522100449 5.6847720146
00635 1464885073.9004285336 5.7905964851
00636 1464885073.9449038506 5.7905964851
00637 1464885073.9933269024 5.7905964851
00638 1464885074.0378034115 5.8955788612
00639 1464885074.0843040943 5.8955788612
00640 1464885074.1307809353 5.8955788612
00641 1464885074.1772046089 5.8955788612
00642 1464885074.2236311436 5.8955788612
00643 1464885074.2700023651 5.8955788612
00644 1464885074.3163485527 5.8955788612
00645 1464885074.3661475182 5.8955788612
00646 1464885074.4094033241 5.8955788612
00647 1464885074.4571030140 5.8955788612
00648 1464885074.5022835732 5.8955788612
00649 1464885074.5487098694 5.8955788612
00650 1464885074.5951657295 5.8955788612
00651 1464885074.6415922642 5.8955788612
00652 1464885074.6902399063 5.8955788612
00653 1464885074.7351212502 6.0075788498
00654 1464885074.7809834480 6.0075788498
00655 1464885074.8274233341 6.0075788498
00656 1464885074.8757395744 6.0075788498
00657 1464885074.9229404926 5.9724912643
00658 1464885074.9689638615 5.9724912643
00659 1464885075.0131905079 5.9724912643
00660 1464885075.0595984459 5.9724912643
00661 1464885075.1061043739 5.9724912643
00662 1464885075.1552970409 5.9143857956
00663 1464885075.1988675594 5.9143857956
00664 1464885075.2454922199 5.9143857956
00665 1464885075.2919170856 5.9143857956
00666 1464885075.3383467197 5.9143857956
00667 1464885075.3876333237 5.9143857956
00668 1464885075.4313023090 5.8071579933
00669 1464885075.4777250290 5.8071579933
00670 1464885075.5245969296 5.8071579933
00671 1464885075.5706541538 5.8071579933
00672 1464885075.6198325157 5.8071579933
00673 1464885075.6634924412 5.6858949661
00674 1464885075.7099003792 5.6858949661
00675 1464885075.7563669682 5.6858949661
00676 1464885075.8030803204 5.6858949661
00677 1464885075.8518128395 5.6858949661
00678 1464885075.8988788128 5.5258946419
00679 1464885075.9427294731 5.5258946419
00680 1464885075.9886996746 5.5258946419
00681 1464885076.0351533890 5.5258946419
00682 1464885076.0885684490 5.5258946419
00683 1464885076.1280913353 5.3628067970
00684 1464885076.1775259972 5.3628067970
00685 1464885076.2228128910 5.3628067970
00686 1464885076.2674503326 5.3628067970
00687 1464885076.3177926540 5.3628067970
00688 1464885076.3607995510 5.1825966835
00689 1464885076.4089930058 5.1825966835
00690 1464885076.4531383514 5.1825966835
00691 1464885076.4996247292 5.1825966835
00692 1464885076.5515222549 5.1825966835
00693 1464885076.5925095081 4.9355788231
00694 1464885076.6398742199 4.9355788231
00695 1464885076.6854269505 4.9355788231
00696 1464885076.7349739075 4.9355788231
00697 1464885076.7810666561 4.9355788231
00698 1464885076.8247723579 4.6273684502
00699 1464885076.8712825775 4.6273684502
00700 1464885076.9174838066 4.6273684502
00701 1464885076.9644088745 4.6273684502
00702 1464885077.0154094696 4.6273684502
00703 1464885077.0569710732 4.3132629395
00704 1464885077.1050784588 4.3132629395
00705 1464885077.1498794556 4.3132629395
00706 1464885077.1962935925 4.3132629395
00707 1464885077.2453694344 4.3132629395
00708 1464885077.2895674706 4.0230174065
00709 1464885077.3359129429 4.0230174065
00710 1464885077.3821089268 4.0230174065
00711 1464885077.4285142422 4.0230174065
00712 1464885077.4794652462 4.0230174065
00713 1464885077.5217356682 3.7187368870
00714 1464885077.5679495335 3.7187368870
00715 1464885077.6144504547 3.7187368870
00716 1464885077.6608285904 3.7187368870
00717 1464885077.7097721100 3.7187368870
00718 1464885077.7552015781 3.3835790157
00719 1464885077.8003666401 3.3835790157
00720 1464885077.8496117592 3.3835790157
00721 1464885077.8930354118 3.3835790157
00722 1464885077.9423134327 3.3835790157
00723 1464885077.9859862328 3.0655438900
00724 1464885078.0324187279 3.0655438900
00725 1464885078.0815694332 3.0655438900
00726 1464885078.1253781319 3.0655438900
00727 1464885078.1744554043 3.0655438900
00728 1464885078.2183511257 2.7604210377
00729 1464885078.2647545338 2.7604210377
00730 1464885078.3143148422 2.7604210377
00731 1464885078.3575863838 2.7604210377
00732 1464885078.4066519737 2.7604210377
00733 1464885078.4535574913 2.5013332367
00734 1464885078.4969334602 2.5013332367
00735 1464885078.5436789989 2.5013332367
00736 1464885078.5898454189 2.5013332367
00737 1464885078.6391935349 2.5013332367
00738 1464885078.6827981472 2.2492630482
00739 1464885078.7313723564 2.2492630482
00740 1464885078.7756671906 2.2492630482
00741 1464885078.8219974041 2.2492630482
00742 1464885078.8714416027 2.2492630482
00743 1464885078.9181730747 2.0331227779
00744 1464885078.9613053799 2.0331227779
00745 1464885079.0085079670 2.0331227779
00746 1464885079.0543162823 2.0331227779
00747 1464885079.1032037735 2.0331227779
00748 1464885079.1472830772 1.8610526323
00749 1464885079.1937918663 1.8610526323
00750 1464885079.2401669025 1.8610526323
00751 1464885079.2866270542 1.8610526323
00752 1464885079.3393454552 1.8610526323
00753 1464885079.3823952675 1.7139649391
00754 1464885079.4259459972 1.7139649391
00755 1464885079.4724063873 1.7139649391
00756 1464885079.5187852383 1.7139649391
00757 1464885079.5690021515 1.7139649391
00758 1464885079.6117479801 1.5778245926
00759 1464885079.6581687927 1.5778245926
00760 1464885079.7046179771 1.5778245926
00761 1464885079.7518231869 1.5778245926
00762 1464885079.8004515171 1.5778245926
00763 1464885079.8447535038 1.4557193518
00764 1464885079.8907275200 1.4557193518
00765 1464885079.9368858337 1.4557193518
00766 1464885079.9840581417 1.4557193518
00767 1464885080.0326936245 1.4557193518
00768 1464885080.0762255192 1.3465262651
00769 1464885080.1226878166 1.3465262651
00770 1464885080.1691100597 1.3465262651
00771 1464885080.2155773640 1.3465262651
00772 1464885080.2649538517 1.3465262651
00773 1464885080.3085322380 1.2423859835
00774 1464885080.3549532890 1.2423859835
00775 1464885080.4014310837 1.2423859835
00776 1464885080.4478356838 1.2423859835
00777 1464885080.4984185696 1.2423859835
00778 1464885080.5436909199 1.1522806883
00779 1464885080.5901539326 1.1522806883
00780 1464885080.6338224411 1.1522806883
00781 1464885080.6802878380 1.1522806883
00782 1464885080.7328898907 1.1522806883
00783 1464885080.7743020058 1.0731228590
00784 1464885080.8224661350 1.0731228590
00785 1464885080.8660614491 1.0731228590
00786 1464885080.9125459194 1.0731228590
00787 1464885080.9643342495 1.0731228590
00788 1464885081.0055780411 0.9908772111
00789 1464885081.0516884327 0.9908772111
00790 1464885081.0985016823 0.9908772111
00791 1464885081.1448223591 0.9908772111
00792 1464885081.1939496994 0.9908772111
00793 1464885081.2375295162 0.9058245420
00794 1464885081.2838876247 0.9058245420
00795 1464885081.3310072422 0.9058245420
00796 1464885081.3770987988 0.9058245420
00797 1464885081.4268693924 0.9058245420
00798 1464885081.4702811241 0.8247017264
00799 1464885081.5162267685 0.8247017264
00800 1464885081.5650689602 0.8247017264
00801 1464885081.6091394424 0.8247017264
00802 1464885081.6623797417 0.8247017264
00803 1464885081.7020108700 0.7447017431
00804 1464885081.7515106201 0.7447017431
00805 1464885081.7957937717 0.7447017431
00806 1464885081.8413360119 0.7447017431
00807 1464885081.8901102543 0.7447017431
00808 1464885081.9344494343 0.6647017598
00809 1464885081.9807469845 0.6647017598
00810 1464885082.0271272659 0.6647017598
00811 1464885082.0735445023 0.6647017598
00812 1464885082.1230392456 0.6647017598
00813 1464885082.1672120094 0.5894736648
00814 1464885082.2131824493 0.5894736648
00815 1464885082.2593958378 0.5894736648
00816 1464885082.3058946133 0.5894736648
00817 1464885082.3554322720 0.5894736648
00818 1464885082.3987267017 0.5204210281
00819 1464885082.4452223778 0.5204210281
00820 1464885082.4935789108 0.5204210281
00821 1464885082.5381357670 0.5204210281
00822 1464885082.5876681805 0.5204210281
00823 1464885082.6309649944 0.4592280686
00824 1464885082.6774382591 0.4592280686
00825 1464885082.7238771915 0.4592280686
00826 1464885082.7703957558 0.4592280686
00827 1464885082.8235523701 0.4592280686
00828 1464885082.8632404804 0.4061754346
00829 1464885082.9115543365 0.4061754346
00830 1464885082.9560477734 0.4061754346
00831 1464885083.0043990612 0.4061754346
00832 1464885083.0523042679 0.4061754346
00833 1464885083.0954804420 0.3601403534
00834 1464885083.1419265270 0.3601403534
00835 1464885083.1883616447 0.3601403534
00836 1464885083.2378733158 0.3601403534
00837 1464885083.2851338387 0.3601403534
00838 1464885083.3279092312 0.3211227953
00839 1464885083.3750028610 0.3211227953
00840 1464885083.4205429554 0.3211227953
00841 1464885083.4675183296 0.3211227953
00842 1464885083.5179262161 0.3211227953
00843 1464885083.5598697662 0.2879999876
00844 1464885083.6064352989 0.2879999876
00845 1464885083.6528341770 0.2879999876
00846 1464885083.6993336678 0.2879999876
00847 1464885083.7485721111 0.2879999876
00848 1464885083.7921900749 0.2607719302
00849 1464885083.8386800289 0.2607719302
00850 1464885083.8859190941 0.2607719302
00851 1464885083.9315423965 0.2607719302
00852 1464885083.9808890820 0.2607719302
00853 1464885084.0250141621 0.2385964841
00854 1464885084.0709171295 0.2385964841
00855 1464885084.1173143387 0.2385964841
00856 1464885084.1637136936 0.2385964841
00857 1464885084.2128927708 0.2385964841
00858 1464885084.2566492558 0.2214736789
00859 1464885084.3042089939 0.2214736789
00860 1464885084.3495554924 0.2214736789
00861 1464885084.3960294724 0.2214736789
00862 1464885084.4461636543 0.2214736789
00863 1464885084.4889667034 0.2082806975
00864 1464885084.5353982449 0.2082806975
00865 1464885084.5817844868 0.2082806975
00866 1464885084.6283044815 0.2082806975
00867 1464885084.6777777672 0.2082806975
00868 1464885084.7243523598 0.1970526278
00869 1464885084.7680225372 0.1970526278
00870 1464885084.8142552376 0.1970526278
00871 1464885084.8607482910 0.1970526278
00872 1464885084.9131574631 0.1970526278
00873 1464885084.9533965588 0.1869473755
00874 1464885085.0031929016 0.1869473755
00875 1464885085.0462982655 0.1869473755
00876 1464885085.0927193165 0.1869473755
00877 1464885085.1412045956 0.1869473755
00878 1464885085.1855435371 0.1788070202
00879 1464885085.2330894470 0.1788070202
00880 1464885085.2786262035 0.1788070202
00881 1464885085.3249447346 0.1788070202
00882 1464885085.3743078709 0.1788070202
00883 1464885085.4179165363 0.1717894673
00884 1464885085.4652621746 0.1717894673
00885 1464885085.5108997822 0.1717894673
00886 1464885085.5575168133 0.1717894673
00887 1464885085.6057376862 0.1717894673
00888 1464885085.6502404213 0.1656140387
00889 1464885085.6966321468 0.1656140387
00890 1464885085.7433445454 0.1656140387
00891 1464885085.7895197868 0.1656140387
00892 1464885085.8423414230 0.1656140387
00893 1464885085.8825414181 0.1563508809
00894 1464885085.9291024208 0.1563508809
00895 1464885085.9755382538 0.1563508809
00896 1464885086.0249094963 0.1563508809
00897 1464885086.0708670616 0.1563508809
00898 1464885086.1146934032 0.1482105255
00899 1464885086.1611399651 0.1482105255
00900 1464885086.2075672150 0.1482105255
00901 1464885086.2540619373 0.1482105255
00902 1464885086.3030602932 0.1482105255
00903 1464885086.3469712734 0.1411929876
00904 1464885086.3934168816 0.1411929876
00905 1464885086.4414045811 0.1411929876
00906 1464885086.4870257378 0.1411929876
00907 1464885086.5356886387 0.1411929876
00908 1464885086.5791413784 0.1350175440
00909 1464885086.6267919540 0.1350175440
00910 1464885086.6745760441 0.1350175440
00911 1464885086.7190158367 0.1350175440
00912 1464885086.7681832314 0.1350175440
00913 1464885086.8122079372 0.1308070123
00914 1464885086.8579037189 0.1308070123
00915 1464885086.9043099880 0.1308070123
00916 1464885086.9532516003 0.1308070123
00917 1464885087.0006999969 0.1308070123
00918 1464885087.0435757637 0.1265964955
00919 1464885087.0924355984 0.1265964955
00920 1464885087.1365346909 0.1265964955
00921 1464885087.1830630302 0.1265964955
00922 1464885087.2347548008 0.1265964955
00923 1464885087.2759330273 0.1235087737
00924 1464885087.3235049248 0.1235087737
00925 1464885087.3692259789 0.1235087737
00926 1464885087.4153144360 0.1235087737
00927 1464885087.4655761719 0.1235087737
00928 1464885087.5100150108 0.1212631613
00929 1464885087.5551836491 0.1212631613
00930 1464885087.6010596752 0.1212631613
00931 1464885087.6507115364 0.1212631613
00932 1464885087.6970429420 0.1201403514
00933 1464885087.7434170246 0.1201403514
00934 1464885087.7869014740 0.1201403514
00935 1464885087.8357748985 0.1201403514
00936 1464885087.8797812462 0.1201403514
00937 1464885087.9333839417 0.1190175414
00938 1464885087.9754729271 0.1190175414
00939 1464885088.0191919804 0.1190175414
00940 1464885088.0665347576 0.1190175414
00941 1464885088.1120574474 0.1190175414
00942 1464885088.1602072716 0.1190175414
00943 1464885088.2051162720 0.1190175414
00944 1464885088.2515332699 0.1190175414
00945 1464885088.2978539467 0.1190175414
00946 1464885088.3443224430 0.1190175414
00947 1464885088.3943617344 0.1190175414
00948 1464885088.4403705597 0.1159298271
00949 1464885088.4836444855 0.1159298271
00950 1464885088.5301730633 0.1159298271
00951 1464885088.5765104294 0.1159298271
00952 1464885088.6302537918 0.1136842072
00953 1464885088.6694269180 0.1136842072
00954 1464885088.7157616615 0.1136842072
00955 1464885088.7624018192 0.1136842072
00956 1464885088.8086295128 0.1136842072
00957 1464885088.8586432934 0.1136842072
00958 1464885088.9016726017 0.1125614047
00959 1464885088.9486773014 0.1125614047
00960 1464885088.9949049950 0.1125614047
00961 1464885089.0410535336 0.1125614047
00962 1464885089.0907306671 0.1125614047
00963 1464885089.1339943409 0.1125614047
00964 1464885089.1803579330 0.1125614047
00965 1464885089.2268159389 0.1094736829
00966 1464885089.2732844353 0.1094736829
00967 1464885089.3222851753 0.1094736829
00968 1464885089.3680460453 0.1063859686
00969 1464885089.4126172066 0.1063859686
00970 1464885089.4621150494 0.1063859686
00971 1464885089.5055210590 0.1063859686
00972 1464885089.5548126698 0.1063859686
00973 1464885089.5983610153 0.1041403487
00974 1464885089.6456425190 0.1041403487
00975 1464885089.6912801266 0.1041403487
00976 1464885089.7377684116 0.1041403487
00977 1464885089.7870507240 0.0999298245
00978 1464885089.8305983543 0.0999298245
00979 1464885089.8770043850 0.0999298245
00980 1464885089.9240329266 0.0999298245
00981 1464885089.9700288773 0.0999298245
00982 1464885090.0238485336 0.0999298245
00983 1464885090.0627679825 0.0976842120
00984 1464885090.1107044220 0.0976842120
00985 1464885090.1561782360 0.0976842120
00986 1464885090.2031068802 0.0976842120
00987 1464885090.2514002323 0.0976842120
00988 1464885090.2952446938 0.0934736878
00989 1464885090.3417246342 0.0934736878
00990 1464885090.3881578445 0.0934736878
00991 1464885090.4346423149 0.0934736878
00992 1464885090.4845011234 0.0934736878
00993 1464885090.5274739265 0.0912280679
00994 1464885090.5738987923 0.0912280679
00995 1464885090.6203696728 0.0912280679
00996 1464885090.6687850952 0.0912280679
00997 1464885090.7155475616 0.0912280679
00998 1464885090.7596583366 0.0889824554
00999 1464885090.8091819286 0.0889824554
01000 1464885090.8525323868 0.0889824554
01001 1464885090.9021871090 0.0889824554
01002 1464885090.9524159431 0.0867368430
01003 1464885090.9918961525 0.0867368430
01004 1464885091.0392012596 0.0867368430
01005 1464885091.0846998692 0.0867368430
01006 1464885091.1312422752 0.0867368430
01007 1464885091.1817228794 0.0867368430
01008 1464885091.2241637707 0.0844912305
01009 1464885091.2710926533 0.0844912305
01010 1464885091.3171019554 0.0844912305
01011 1464885091.3635272980 0.0844912305
01012 1464885091.4129638672 0.0844912305
01013 1464885091.4564092159 0.0814035088
01014 1464885091.5027780533 0.0814035088
01015 1464885091.5493130684 0.0814035088
01016 1464885091.5957002640 0.0814035088
01017 1464885091.6452965736 0.0814035088
01018 1464885091.6884729862 0.0771929845
01019 1464885091.7378327847 0.0771929845
01020 1464885091.7820334435 0.0771929845
01021 1464885091.8278949261 0.0771929845
01022 1464885091.8811688423 0.0771929845
01023 1464885091.9207973480 0.0729824528
01024 1464885091.9676101208 0.0729824528
01025 1464885092.0154089928 0.0729824528
01026 1464885092.0601806641 0.0729824528
01027 1464885092.1093983650 0.0729824528
01028 1464885092.1530859470 0.0687719285
01029 1464885092.1995172501 0.0687719285
01030 1464885092.2460186481 0.0687719285
01031 1464885092.2924313545 0.0687719285
01032 1464885092.3415534496 0.0687719285
01033 1464885092.3852748871 0.0645614043
01034 1464885092.4325025082 0.0645614043
01035 1464885092.4782769680 0.0645614043
01036 1464885092.5247006416 0.0645614043
01037 1464885092.5740225315 0.0645614043
01038 1464885092.6178498268 0.0614736825
01039 1464885092.6642541885 0.0614736825
01040 1464885092.7104828358 0.0614736825
01041 1464885092.7587459087 0.0614736825
01042 1464885092.8057050705 0.0614736825
01043 1464885092.8503000736 0.0572631583
01044 1464885092.8963761330 0.0572631583
01045 1464885092.9428017139 0.0572631583
01046 1464885092.9892385006 0.0572631583
01047 1464885093.0384507179 0.0550175421
01048 1464885093.0824196339 0.0550175421
01049 1464885093.1286346912 0.0550175421
01050 1464885093.1750893593 0.0550175421
01051 1464885093.2215313911 0.0550175421
01052 1464885093.2706866264 0.0550175421
01053 1464885093.3174180984 0.0527719297
01054 1464885093.3608052731 0.0527719297
01055 1464885093.4073350430 0.0527719297
01056 1464885093.4567327499 0.0527719297
01057 1464885093.5025160313 0.0527719297
01058 1464885093.5470197201 0.0505263172
01059 1464885093.5959060192 0.0505263172
01060 1464885093.6395998001 0.0505263172
01061 1464885093.6859772205 0.0505263172
01062 1464885093.7349147797 0.0505263172
01063 1464885093.7817642689 0.0494035073
01064 1464885093.8253080845 0.0494035073
01065 1464885093.8717517853 0.0494035073
01066 1464885093.9195218086 0.0494035073
01067 1464885093.9674203396 0.0494035073
01068 1464885094.0141873360 0.0482807010
01069 1464885094.0578038692 0.0482807010
01070 1464885094.1038458347 0.0482807010
01071 1464885094.1504161358 0.0482807010
01072 1464885094.1999282837 0.0471578948
01073 1464885094.2434067726 0.0471578948
01074 1464885094.2898042202 0.0471578948
01075 1464885094.3362364769 0.0471578948
01076 1464885094.3827078342 0.0471578948
01077 1464885094.4318375587 0.0471578948
01078 1464885094.4755315781 0.0468771942
01079 1464885094.5220389366 0.0468771942
01080 1464885094.5684959888 0.0468771942
01081 1464885094.6150832176 0.0468771942
01082 1464885094.6645591259 0.0468771942
01083 1464885094.7078011036 0.0457543842
01084 1464885094.7545156479 0.0457543842
01085 1464885094.8008298874 0.0457543842
01086 1464885094.8503222466 0.0457543842
01087 1464885094.8968129158 0.0457543842
01088 1464885094.9401705265 0.0454736836
01089 1464885094.9884896278 0.0454736836
01090 1464885095.0333802700 0.0454736836
01091 1464885095.0794789791 0.0454736836
01092 1464885095.1287484169 0.0454736836
01093 1464885095.1723716259 0.0443508774
01094 1464885095.2191584110 0.0443508774
01095 1464885095.2652521133 0.0443508774
01096 1464885095.3117148876 0.0443508774
01097 1464885095.3605716228 0.0432280712
01098 1464885095.4045381546 0.0432280712
01099 1464885095.4510531425 0.0432280712
01100 1464885095.4975013733 0.0432280712
01101 1464885095.5439746380 0.0432280712
01102 1464885095.5973780155 0.0432280712
01103 1464885095.6368138790 0.0421052650
01104 1464885095.6833236217 0.0421052650
01105 1464885095.7297570705 0.0421052650
01106 1464885095.7762737274 0.0421052650
01107 1464885095.8254113197 0.0421052650
01108 1464885095.8691236973 0.0409824550
01109 1464885095.9157974720 0.0409824550
01110 1464885095.9620015621 0.0409824550
01111 1464885096.0083830357 0.0409824550
01112 1464885096.0551092625 0.0409824550
01113 1464885096.1012759209 0.0409824550
01114 1464885096.1507682800 0.0409824550
01115 1464885096.1961126328 0.0409824550
01116 1464885096.2406766415 0.0409824550
01117 1464885096.2940552235 0.0409824550
01118 1464885096.3336529732 0.0398596488
01119 1464885096.3800497055 0.0398596488
01120 1464885096.4265336990 0.0398596488
01121 1464885096.4729225636 0.0398596488
01122 1464885096.5219626427 0.0398596488
01123 1464885096.5658481121 0.0398596488
01124 1464885096.6122472286 0.0398596488
01125 1464885096.6617991924 0.0398596488
01126 1464885096.7052044868 0.0398596488
01127 1464885096.7536652088 0.0398596488
01128 1464885096.7980349064 0.0398596488
01129 1464885096.8444826603 0.0398596488
01130 1464885096.8909173012 0.0398596488
01131 1464885096.9374036789 0.0398596488
01132 1464885096.9837310314 0.0398596488
01133 1464885097.0303165913 0.0398596488
01134 1464885097.0797362328 0.0398596488
01135 1464885097.1230595112 0.0398596488
01136 1464885097.1695985794 0.0398596488
01137 1464885097.2188296318 0.0398596488
01138 1464885097.2625160217 0.0398596488
01139 1464885097.3119955063 0.0398596488
01140 1464885097.3553595543 0.0398596488
01141 1464885097.4018959999 0.0398596488
01142 1464885097.4483132362 0.0398596488
01143 1464885097.4947311878 0.0398596488
01144 1464885097.5414447784 0.0398596488
01145 1464885097.5876581669 0.0398596488
01146 1464885097.6341071129 0.0398596488
01147 1464885097.6832818985 0.0398596488
01148 1464885097.7286620140 0.0398596488
01149 1464885097.7733986378 0.0398596488
01150 1464885097.8198227882 0.0398596488
01151 1464885097.8673613071 0.0398596488
01152 1464885097.9130899906 0.0398596488
01153 1464885097.9595212936 0.0398596488
01154 1464885098.0058028698 0.0398596488
01155 1464885098.0524122715 0.0398596488
01156 1464885098.1016530991 0.0398596488
01157 1464885098.1518924236 0.0398596488
01158 1464885098.1917297840 0.0398596488
01159 1464885098.2384331226 0.0398596488
01160 1464885098.2846071720 0.0398596488
01161 1464885098.3333775997 0.0398596488
01162 1464885098.3775475025 0.0398596488
01163 1464885098.4239566326 0.0398596488
01164 1464885098.4713921547 0.0398596488
01165 1464885098.5166552067 0.0398596488
01166 1464885098.5639207363 0.0398596488
01167 1464885098.6126599312 0.0398596488
01168 1464885098.6561217308 0.0398596488
01169 1464885098.7025938034 0.0398596488
01170 1464885098.7489864826 0.0398596488
01171 1464885098.7958974838 0.0398596488
01172 1464885098.8446056843 0.0398596488
01173 1464885098.8889083862 0.0398596488
01174 1464885098.9371631145 0.0398596488
01175 1464885098.9812672138 0.0398596488
01176 1464885099.0307679176 0.0398596488
01177 1464885099.0741786957 0.0398596488
01178 1464885099.1236896515 0.0398596488
01179 1464885099.1669831276 0.0398596488
01180 1464885099.2154762745 0.0398596488
01181 1464885099.2599644661 0.0398596488
01182 1464885099.3113198280 0.0398596488
01183 1464885099.3529052734 0.0387368426
01184 1464885099.3992741108 0.0387368426
01185 1464885099.4460005760 0.0387368426
01186 1464885099.4921119213 0.0387368426
01187 1464885099.5402524471 0.0387368426
01188 1464885099.5850052834 0.0387368426
01189 1464885099.6315298080 0.0387368426
01190 1464885099.6779940128 0.0387368426
01191 1464885099.7264659405 0.0387368426
01192 1464885099.7748179436 0.0387368426
01193 1464885099.8173282146 0.0387368426
01194 1464885099.8638055325 0.0387368426
01195 1464885099.9102604389 0.0387368426
01196 1464885099.9567229748 0.0387368426
01197 1464885100.0057234764 0.0387368426
01198 1464885100.0495707989 0.0376140364
01199 1464885100.0986566544 0.0376140364
01200 1464885100.1422708035 0.0376140364
01201 1464885100.1916143894 0.0376140364
01202 1464885100.2379519939 0.0376140364
01203 1464885100.2817389965 0.0376140364
01204 1464885100.3282351494 0.0376140364
01205 1464885100.3747713566 0.0376140364
01206 1464885100.4211621284 0.0376140364
01207 1464885100.4704065323 0.0376140364
01208 1464885100.5160784721 0.0364912264
01209 1464885100.5605375767 0.0364912264
01210 1464885100.6082215309 0.0364912264
01211 1464885100.6554205418 0.0364912264
01212 1464885100.6999187469 0.0364912264
01213 1464885100.7466962337 0.0364912264
01214 1464885100.7927975655 0.0364912264
01215 1464885100.8393075466 0.0364912264
01216 1464885100.8857352734 0.0364912264
01217 1464885100.9352977276 0.0364912264
01218 1464885100.9785788059 0.0364912264
01219 1464885101.0250205994 0.0364912264
01220 1464885101.0714082718 0.0364912264
01221 1464885101.1179387569 0.0364912264
01222 1464885101.1672585011 0.0364912264
01223 1464885101.2108962536 0.0364912264
01224 1464885101.2572669983 0.0364912264
01225 1464885101.3038973808 0.0364912264
01226 1464885101.3502850533 0.0364912264
01227 1464885101.3966245651 0.0364912264
01228 1464885101.4461569786 0.0364912264
01229 1464885101.4895095825 0.0364912264
01230 1464885101.5359718800 0.0364912264
01231 1464885101.5824565887 0.0364912264
01232 1464885101.6314303875 0.0364912264
01233 1464885101.6753039360 0.0364912264
01234 1464885101.7267642021 0.0364912264
01235 1464885101.7682211399 0.0364912264
01236 1464885101.8145577908 0.0364912264
01237 1464885101.8634903431 0.0364912264
01238 1464885101.9075288773 0.0364912264
01239 1464885101.9539914131 0.0364912264
01240 1464885102.0004155636 0.0364912264
01241 1464885102.0468935966 0.0364912264
01242 1464885102.0933988094 0.0364912264
01243 1464885102.1428999901 0.0364912264
01244 1464885102.1868278980 0.0364912264
01245 1464885102.2329280376 0.0364912264
01246 1464885102.2793796062 0.0364912264
01247 1464885102.3284823895 0.0364912264
01248 1464885102.3720812798 0.0353684202
01249 1464885102.4190256596 0.0353684202
01250 1464885102.4649534225 0.0353684202
01251 1464885102.5114464760 0.0353684202
01252 1464885102.5601530075 0.0353684202
01253 1464885102.6043069363 0.0342456140
01254 1464885102.6507880688 0.0342456140
01255 1464885102.7002274990 0.0342456140
01256 1464885102.7467083931 0.0342456140
01257 1464885102.7941639423 0.0342456140
01258 1464885102.8381514549 0.0331228077
01259 1464885102.8858466148 0.0331228077
01260 1464885102.9294836521 0.0331228077
01261 1464885102.9759569168 0.0331228077
01262 1464885103.0252211094 0.0331228077
01263 1464885103.0688395500 0.0308771934
01264 1464885103.1152906418 0.0308771934
01265 1464885103.1617329121 0.0308771934
01266 1464885103.2081544399 0.0308771934
01267 1464885103.2573862076 0.0308771934
01268 1464885103.3014597893 0.0297543854
01269 1464885103.3477845192 0.0297543854
01270 1464885103.3944897652 0.0297543854
01271 1464885103.4406902790 0.0297543854
01272 1464885103.4900474548 0.0297543854
01273 1464885103.5333206654 0.0286315791
01274 1464885103.5797779560 0.0286315791
01275 1464885103.6262149811 0.0286315791
01276 1464885103.6727099419 0.0286315791
01277 1464885103.7230882645 0.0286315791
01278 1464885103.7655076981 0.0286315791
01279 1464885103.8118607998 0.0286315791
01280 1464885103.8583312035 0.0286315791
01281 1464885103.9048838615 0.0286315791
01282 1464885103.9540987015 0.0286315791
01283 1464885103.9978222847 0.0286315791
01284 1464885104.0442380905 0.0286315791
01285 1464885104.0907518864 0.0286315791
01286 1464885104.1371998787 0.0286315791
01287 1464885104.1865298748 0.0286315791
01288 1464885104.2300522327 0.0286315791
01289 1464885104.2764949799 0.0286315791
01290 1464885104.3228580952 0.0286315791
01291 1464885104.3693842888 0.0286315791
01292 1464885104.4210238457 0.0286315791
01293 1464885104.4628973007 0.0415438600
01294 1464885104.5087563992 0.0415438600
01295 1464885104.5561764240 0.0415438600
01296 1464885104.6016139984 0.0415438600
01297 1464885104.6538617611 0.0415438600
01298 1464885104.6959621906 0.0533333346
01299 1464885104.7415189743 0.0533333346
01300 1464885104.7873697281 0.0533333346
01301 1464885104.8351881504 0.0533333346
01302 1464885104.8830480576 0.0533333346
01303 1464885104.9267995358 0.0533333346
01304 1464885104.9732499123 0.0533333346
01305 1464885105.0198698044 0.0533333346
01306 1464885105.0661392212 0.0533333346
01307 1464885105.1148233414 0.0533333346
01308 1464885105.1618318558 0.0533333346
01309 1464885105.2054526806 0.0533333346
01310 1464885105.2519209385 0.0533333346
01311 1464885105.2991368771 0.0533333346
01312 1464885105.3448107243 0.0533333346
01313 1464885105.3912777901 0.0533333346
01314 1464885105.4377210140 0.0533333346
01315 1464885105.4841926098 0.0533333346
01316 1464885105.5306921005 0.0533333346
01317 1464885105.5795617104 0.0533333346
01318 1464885105.6235160828 0.0651228055
01319 1464885105.6700043678 0.0651228055
01320 1464885105.7186694145 0.0651228055
01321 1464885105.7627995014 0.0651228055
01322 1464885105.8092138767 0.0651228055
01323 1464885105.8556745052 0.0651228055
01324 1464885105.9020874500 0.0651228055
01325 1464885105.9485938549 0.0651228055
01326 1464885105.9950308800 0.0651228055
01327 1464885106.0441634655 0.0651228055
01328 1464885106.0879719257 0.0651228055
01329 1464885106.1344523430 0.0651228055
01330 1464885106.1817510128 0.0651228055
01331 1464885106.2273578644 0.0651228055
01332 1464885106.2738280296 0.0651228055
01333 1464885106.3202772141 0.0651228055
01334 1464885106.3667223454 0.0651228055
01335 1464885106.4131708145 0.0651228055
01336 1464885106.4596061707 0.0651228055
01337 1464885106.5060884953 0.0651228055
01338 1464885106.5525665283 0.0651228055
01339 1464885106.5989391804 0.0651228055
01340 1464885106.6454386711 0.0651228055
01341 1464885106.6918723583 0.0651228055
01342 1464885106.7413656712 0.0651228055
01343 1464885106.7847700119 0.0651228055
01344 1464885106.8318898678 0.0651228055
01345 1464885106.8777134418 0.0651228055
01346 1464885106.9241349697 0.0651228055
01347 1464885106.9736907482 0.0651228055
01348 1464885107.0169553757 0.0769122839
01349 1464885107.0635104179 0.0769122839
01350 1464885107.1099724770 0.0769122839
01351 1464885107.1564319134 0.0769122839
01352 1464885107.2053105831 0.0769122839
01353 1464885107.2492988110 0.0769122839
01354 1464885107.2957205772 0.0769122839
01355 1464885107.3448514938 0.0769122839
01356 1464885107.3886070251 0.0769122839
01357 1464885107.4379861355 0.0769122839
01358 1464885107.4815521240 0.0769122839
01359 1464885107.5279574394 0.0769122839
01360 1464885107.5744752884 0.0769122839
01361 1464885107.6209931374 0.0769122839
01362 1464885107.6701099873 0.0766315758
01363 1464885107.7136816978 0.0766315758
01364 1464885107.7601742744 0.0766315758
01365 1464885107.8085279465 0.0766315758
01366 1464885107.8530075550 0.0766315758
01367 1464885107.8994987011 0.0766315758
01368 1464885107.9459743500 0.0766315758
01369 1464885107.9926738739 0.0766315758
01370 1464885108.0392346382 0.0766315758
01371 1464885108.0853135586 0.0766315758
01372 1464885108.1347386837 0.0766315758
01373 1464885108.1782715321 0.0763508752
01374 1464885108.2276003361 0.0763508752
01375 1464885108.2719798088 0.0763508752
01376 1464885108.3208727837 0.0763508752
01377 1464885108.3640198708 0.0763508752
01378 1464885108.4105482101 0.0763508752
01379 1464885108.4598860741 0.0763508752
01380 1464885108.5033967495 0.0763508752
01381 1464885108.5503475666 0.0763508752
01382 1464885108.5962796211 0.0763508752
01383 1464885108.6430613995 0.0763508752
01384 1464885108.6891267300 0.0763508752
01385 1464885108.7361748219 0.0763508752
01386 1464885108.7851541042 0.0763508752
01387 1464885108.8315322399 0.0763508752
01388 1464885108.8750483990 0.0763508752
01389 1464885108.9215037823 0.0763508752
01390 1464885108.9692211151 0.0763508752
01391 1464885109.0146167278 0.0763508752
01392 1464885109.0619764328 0.0763508752
01393 1464885109.1073317528 0.0763508752
01394 1464885109.1537890434 0.0763508752
01395 1464885109.2002742290 0.0763508752
01396 1464885109.2486302853 0.0763508752
01397 1464885109.2969427109 0.0763508752
01398 1464885109.3395714760 0.0881403536
01399 1464885109.3860287666 0.0881403536
01400 1464885109.4324479103 0.0881403536
01401 1464885109.4788558483 0.0881403536
01402 1464885109.5253741741 0.0881403536
01403 1464885109.5717382431 0.0881403536
01404 1464885109.6182160378 0.0881403536
01405 1464885109.6645989418 0.0881403536
01406 1464885109.7110245228 0.0881403536
01407 1464885109.7580664158 0.0881403536
01408 1464885109.8039660454 0.0881403536
01409 1464885109.8504419327 0.0881403536
01410 1464885109.8968803883 0.0881403536
01411 1464885109.9441461563 0.0881403536
01412 1464885109.9925150871 0.0881403536
01413 1464885110.0362524986 0.0881403536
01414 1464885110.0826787949 0.0881403536
01415 1464885110.1291410923 0.0881403536
01416 1464885110.1764616966 0.0881403536
01417 1464885110.2245998383 0.0881403536
01418 1464885110.2687358856 0.1018947363
01419 1464885110.3149170876 0.1018947363
01420 1464885110.3613820076 0.1018947363
01421 1464885110.4106578827 0.1018947363
01422 1464885110.4569532871 0.1018947363
01423 1464885110.5007824898 0.1136842072
01424 1464885110.5472810268 0.1136842072
01425 1464885110.5936496258 0.1136842072
01426 1464885110.6400728226 0.1136842072
01427 1464885110.6922550201 0.1136842072
01428 1464885110.7330253124 0.1274385899
01429 1464885110.7825977802 0.1274385899
01430 1464885110.8288290501 0.1274385899
01431 1464885110.8723542690 0.1274385899
01432 1464885110.9188549519 0.1274385899
01433 1464885110.9657502174 0.1274385899
01434 1464885111.0116915703 0.1274385899
01435 1464885111.0581762791 0.1274385899
01436 1464885111.1045773029 0.1274385899
01437 1464885111.1539814472 0.1274385899
01438 1464885111.1975097656 0.1392280757
01439 1464885111.2458407879 0.1392280757
01440 1464885111.2903583050 0.1392280757
01441 1464885111.3368520737 0.1392280757
01442 1464885111.3864405155 0.1392280757
01443 1464885111.4297442436 0.1529824585
01444 1464885111.4762232304 0.1529824585
01445 1464885111.5227143764 0.1529824585
01446 1464885111.5691158772 0.1529824585
01447 1464885111.6185750961 0.1529824585
01448 1464885111.6620008945 0.1658947319
01449 1464885111.7085578442 0.1658947319
01450 1464885111.7578959465 0.1658947319
01451 1464885111.8012969494 0.1658947319
01452 1464885111.8504900932 0.1658947319
01453 1464885111.8943998814 0.1818947345
01454 1464885111.9407720566 0.1818947345
01455 1464885111.9871668816 0.1818947345
01456 1464885112.0335264206 0.1818947345
01457 1464885112.0829615593 0.1818947345
01458 1464885112.1265184879 0.1956491172
01459 1464885112.1729731560 0.1956491172
01460 1464885112.2194757462 0.1956491172
01461 1464885112.2660045624 0.1956491172
01462 1464885112.3154621124 0.1956491172
01463 1464885112.3587992191 0.2094035149
01464 1464885112.4082679749 0.2094035149
01465 1464885112.4545724392 0.2094035149
01466 1464885112.4989571571 0.2094035149
01467 1464885112.5480353832 0.2094035149
01468 1464885112.5909948349 0.2231578976
01469 1464885112.6374623775 0.2231578976
01470 1464885112.6838674545 0.2231578976
01471 1464885112.7303740978 0.2231578976
01472 1464885112.7795078754 0.2231578976
01473 1464885112.8251597881 0.2391579002
01474 1464885112.8696489334 0.2391579002
01475 1464885112.9161012173 0.2391579002
01476 1464885112.9625923634 0.2391579002
01477 1464885113.0121102333 0.2391579002
01478 1464885113.0554254055 0.2529122829
01479 1464885113.1018481255 0.2529122829
01480 1464885113.1482961178 0.2529122829
01481 1464885113.1947782040 0.2529122829
01482 1464885113.2474281788 0.2529122829
01483 1464885113.2877545357 0.2717193067
01484 1464885113.3344986439 0.2717193067
01485 1464885113.3805809021 0.2717193067
01486 1464885113.4270401001 0.2717193067
01487 1464885113.4768538475 0.2717193067
01488 1464885113.5200040340 0.2936140299
01489 1464885113.5676722527 0.2936140299
01490 1464885113.6128590107 0.2936140299
01491 1464885113.6593148708 0.2936140299
01492 1464885113.7087211609 0.2936140299
01493 1464885113.7522048950 0.3166315854
01494 1464885113.7987086773 0.3166315854
01495 1464885113.8467276096 0.3166315854
01496 1464885113.8934383392 0.3166315854
01497 1464885113.9407486916 0.3166315854
01498 1464885113.9844541550 0.3435789347
01499 1464885114.0309147835 0.3435789347
01500 1464885114.0774140358 0.3435789347
01501 1464885114.1238269806 0.3435789347
01502 1464885114.1730105877 0.3435789347
01503 1464885114.2167522907 0.3795087636
01504 1464885114.2631025314 0.3795087636
01505 1464885114.3095991611 0.3795087636
01506 1464885114.3560612202 0.3795087636
01507 1464885114.4050250053 0.3795087636
01508 1464885114.4490034580 0.4353684187
01509 1464885114.4954476357 0.4353684187
01510 1464885114.5419678688 0.4353684187
01511 1464885114.5883259773 0.4353684187
01512 1464885114.6375436783 0.4353684187
01513 1464885114.6811826229 0.5131227970
01514 1464885114.7276864052 0.5131227970
01515 1464885114.7741813660 0.5131227970
01516 1464885114.8204259872 0.5131227970
01517 1464885114.8696966171 0.5131227970
01518 1464885114.9134991169 0.6068772078
01519 1464885114.9598174095 0.6068772078
01520 1464885115.0064303875 0.6068772078
01521 1464885115.0527851582 0.6068772078
01522 1464885115.1021838188 0.6068772078
01523 1464885115.1456613541 0.7486315966
01524 1464885115.1920731068 0.7486315966
01525 1464885115.2386515141 0.7486315966
01526 1464885115.2850391865 0.7486315966
01527 1464885115.3343174458 0.7486315966
01528 1464885115.3779780865 0.9515789747
01529 1464885115.4244194031 0.9515789747
01530 1464885115.4708971977 0.9515789747
01531 1464885115.5172927380 0.9515789747
01532 1464885115.5666539669 0.9515789747
01533 1464885115.6105659008 1.2075788975
01534 1464885115.6566960812 1.2075788975
01535 1464885115.7031466961 1.2075788975
01536 1464885115.7525274754 1.2075788975
01537 1464885115.7997210026 1.2075788975
01538 1464885115.8434593678 1.5054035187
01539 1464885115.8891403675 1.5054035187
01540 1464885115.9353301525 1.5054035187
01541 1464885115.9818301201 1.5054035187
01542 1464885116.0331137180 1.5054035187
01543 1464885116.0747151375 1.8183859587
01544 1464885116.1215977669 1.8183859587
01545 1464885116.1675739288 1.8183859587
01546 1464885116.2140903473 1.8183859587
01547 1464885116.2634623051 1.8183859587
01548 1464885116.3069186211 2.1251928806
01549 1464885116.3564493656 2.1251928806
01550 1464885116.3998341560 2.1251928806
01551 1464885116.4463763237 2.1251928806
01552 1464885116.4958293438 2.1251928806
01553 1464885116.5391032696 2.4499650002
01554 1464885116.5856549740 2.4499650002
01555 1464885116.6320991516 2.4499650002
01556 1464885116.6803801060 2.4499650002
01557 1464885116.7310872078 2.4499650002
01558 1464885116.7716517448 2.7887718678
01559 1464885116.8177237511 2.7887718678
01560 1464885116.8642699718 2.7887718678
01561 1464885116.9129886627 2.7887718678
01562 1464885116.9606347084 2.7887718678
01563 1464885117.0039041042 3.1755788326
01564 1464885117.0520887375 3.1755788326
01565 1464885117.0966014862 3.1755788326
01566 1464885117.1430687904 3.1755788326
01567 1464885117.1924154758 3.1755788326
01568 1464885117.2359418869 3.5994386673
01569 1464885117.2825865746 3.5994386673
01570 1464885117.3288540840 3.5994386673
01571 1464885117.3752925396 3.5994386673
01572 1464885117.4285154343 3.5994386673
01573 1464885117.4683439732 4.0373334885
01574 1464885117.5164964199 4.0373334885
01575 1464885117.5611259937 4.0373334885
01576 1464885117.6075301170 4.0373334885
01577 1464885117.6610054970 4.0373334885
01578 1464885117.7030448914 4.3601403236
01579 1464885117.7473866940 4.3601403236
01580 1464885117.7933800220 4.3601403236
01581 1464885117.8397746086 4.3601403236
01582 1464885117.8889191151 4.3601403236
01583 1464885117.9326508045 4.6919298172
01584 1464885117.9791040421 4.6919298172
01585 1464885118.0255560875 4.6919298172
01586 1464885118.0739347935 4.6919298172
01587 1464885118.1212251186 4.6919298172
01588 1464885118.1648910046 5.0357894897
01589 1464885118.2114100456 5.0357894897
01590 1464885118.2578210831 5.0357894897
01591 1464885118.3054144382 5.0357894897
01592 1464885118.3535187244 5.0357894897
01593 1464885118.3971822262 5.2976841927
01594 1464885118.4436333179 5.2976841927
01595 1464885118.4900960922 5.2976841927
01596 1464885118.5365076065 5.2976841927
01597 1464885118.5897247791 5.2976841927
01598 1464885118.6294000149 5.5216841698
01599 1464885118.6758992672 5.5216841698
01600 1464885118.7223534584 5.5216841698
01601 1464885118.7687518597 5.5216841698
01602 1464885118.8173649311 5.5216841698
01603 1464885118.8615536690 5.6474385262
01604 1464885118.9112668037 5.6474385262
01605 1464885118.9546706676 5.6474385262
01606 1464885119.0009248257 5.6474385262
01607 1464885119.0475215912 5.6474385262
01608 1464885119.0952599049 5.6474385262
01609 1464885119.1403470039 5.6474385262
01610 1464885119.1894903183 5.6474385262
01611 1464885119.2332870960 5.6474385262
01612 1464885119.2828562260 5.6193685532
01613 1464885119.3264999390 5.6193685532
01614 1464885119.3726172447 5.6193685532
01615 1464885119.4191346169 5.6193685532
01616 1464885119.4685144424 5.6193685532
01617 1464885119.5149493217 5.6033682823
01618 1464885119.5584585667 5.6033682823
01619 1464885119.6048128605 5.6033682823
01620 1464885119.6542978287 5.6033682823
01621 1464885119.6977708340 5.6033682823
01622 1464885119.7473919392 5.6033682823
01623 1464885119.7907431126 5.5713682175
01624 1464885119.8370907307 5.5713682175
01625 1464885119.8835122585 5.5713682175
01626 1464885119.9299974442 5.5713682175
01627 1464885119.9764840603 5.5713682175
01628 1464885120.0228810310 5.5713682175
01629 1464885120.0693490505 5.5713682175
01630 1464885120.1158246994 5.5713682175
01631 1464885120.1622915268 5.5713682175
01632 1464885120.2115859985 5.5713682175
01633 1464885120.2551875114 5.5713682175
01634 1464885120.3047578335 5.5713682175
01635 1464885120.3512225151 5.5713682175
01636 1464885120.3945827484 5.5713682175
01637 1464885120.4453768730 5.5713682175
01638 1464885120.4874689579 5.6322808266
01639 1464885120.5352389812 5.6322808266
01640 1464885120.5803678036 5.6322808266
01641 1464885120.6268539429 5.6322808266
01642 1464885120.6768512726 5.6322808266
01643 1464885120.7250716686 5.6322808266
01644 1464885120.7661223412 5.7490525246
01645 1464885120.8126795292 5.7490525246
01646 1464885120.8588573933 5.7490525246
01647 1464885120.9079127312 5.7490525246
01648 1464885120.9518654346 5.9200000763
01649 1464885120.9983358383 5.9200000763
01650 1464885121.0448153019 5.9200000763
01651 1464885121.0911960602 5.9200000763
01652 1464885121.1404049397 5.9200000763
01653 1464885121.1846647263 6.0707368851
01654 1464885121.2306387424 6.0707368851
01655 1464885121.2772703171 6.0707368851
01656 1464885121.3235530853 6.0707368851
01657 1464885121.3756780624 6.0707368851
01658 1464885121.4164035320 6.2576842308
01659 1464885121.4659512043 6.2576842308
01660 1464885121.5094099045 6.2576842308
01661 1464885121.5557212830 6.2576842308
01662 1464885121.6051530838 6.2576842308
01663 1464885121.6485617161 6.5804910660
01664 1464885121.6969590187 6.5804910660
01665 1464885121.7445271015 6.5804910660
01666 1464885121.7879545689 6.5804910660
01667 1464885121.8383798599 6.5804910660
01668 1464885121.8807399273 7.0433683395
01669 1464885121.9272229671 7.0433683395
01670 1464885121.9736745358 7.0433683395
01671 1464885122.0226840973 7.0433683395
01672 1464885122.0699939728 7.0433683395
01673 1464885122.1149859428 7.5601401329
01674 1464885122.1595926285 7.5601401329
01675 1464885122.2060980797 7.5601401329
01676 1464885122.2533016205 7.5601401329
01677 1464885122.3018183708 7.5601401329
01678 1464885122.3472375870 8.0721406937
01679 1464885122.3917834759 8.0721406937
01680 1464885122.4382996559 8.0721406937
01681 1464885122.4847130775 8.0721406937
01682 1464885122.5340366364 8.0721406937
01683 1464885122.5779671669 8.4909477234
01684 1464885122.6239717007 8.4909477234
01685 1464885122.6705601215 8.4909477234
01686 1464885122.7191853523 8.4909477234
01687 1464885122.7659466267 8.4909477234
01688 1464885122.8127832413 8.8659648895
01689 1464885122.8565621376 8.8659648895
01690 1464885122.9052433968 8.8659648895
01691 1464885122.9492766857 8.8659648895
01692 1464885122.9989125729 8.8659648895
01693 1464885123.0428488255 9.2488422394
01694 1464885123.0888214111 9.2488422394
01695 1464885123.1392025948 9.2488422394
01696 1464885123.1815147400 9.2488422394
01697 1464885123.2308359146 9.2488422394
01698 1464885123.2744219303 9.5778245926
01699 1464885123.3208642006 9.5778245926
01700 1464885123.3684396744 9.5778245926
01701 1464885123.4137151241 9.5778245926
01702 1464885123.4628252983 9.5778245926
01703 1464885123.5068600178 9.8225965500
01704 1464885123.5532727242 9.8225965500
01705 1464885123.5997560024 9.8225965500
01706 1464885123.6463840008 9.8225965500
01707 1464885123.6926126480 9.8225965500
01708 1464885123.7407860756 9.8225965500
01709 1464885123.7855384350 9.8225965500
01710 1464885123.8346877098 9.8225965500
01711 1464885123.8782224655 9.8225965500
01712 1464885123.9246830940 9.8225965500
01713 1464885123.9711499214 9.8225965500
01714 1464885124.0175521374 9.8225965500
01715 1464885124.0639841557 9.8225965500
01716 1464885124.1104805470 9.8225965500
01717 1464885124.1569383144 9.8225965500
01718 1464885124.2033126354 9.8225965500
01719 1464885124.2498459816 9.8225965500
01720 1464885124.2962574959 9.8225965500
01721 1464885124.3427236080 9.8225965500
01722 1464885124.3890943527 9.8225965500
01723 1464885124.4356358051 9.8225965500
01724 1464885124.4822041988 9.8225965500
01725 1464885124.5285100937 9.8225965500
01726 1464885124.5750224590 9.8225965500
01727 1464885124.6214628220 9.8225965500
01728 1464885124.6679067612 9.8225965500
01729 1464885124.7143175602 9.8225965500
01730 1464885124.7638070583 9.8225965500
01731 1464885124.8075473309 9.8225965500
01732 1464885124.8545658588 9.8225965500
01733 1464885124.9001140594 9.8225965500
01734 1464885124.9465930462 9.8225965500
01735 1464885124.9930210114 9.8225965500
01736 1464885125.0425283909 9.8225965500
01737 1464885125.0861938000 9.8225965500
01738 1464885125.1324048042 9.8225965500
01739 1464885125.1789271832 9.8225965500
01740 1464885125.2252914906 9.8225965500
01741 1464885125.2717030048 9.8225965500
01742 1464885125.3182663918 9.8225965500
01743 1464885125.3646690845 9.8225965500
01744 1464885125.4110677242 9.8225965500
01745 1464885125.4575791359 9.8225965500
01746 1464885125.5039496422 9.8225965500
01747 1464885125.5504598618 9.8225965500
01748 1464885125.5999267101 9.8225965500
01749 1464885125.6435465813 9.8225965500
01750 1464885125.6897876263 9.8225965500
01751 1464885125.7361969948 9.8225965500
01752 1464885125.7826936245 9.8225965500
01753 1464885125.8290958405 9.8225965500
01754 1464885125.8756661415 9.8225965500
01755 1464885125.9219753742 9.8225965500
01756 1464885125.9684669971 9.8225965500
01757 1464885126.0149428844 9.8225965500
01758 1464885126.0613555908 9.8225965500
01759 1464885126.1078505516 9.8225965500
01760 1464885126.1546835899 9.8225965500
01761 1464885126.2006540298 9.8225965500
01762 1464885126.2540040016 9.8225965500
01763 1464885126.2935709953 10.0325613022
01764 1464885126.3430614471 10.0325613022
01765 1464885126.3863179684 10.0325613022
01766 1464885126.4342765808 10.0325613022
01767 1464885126.4820907116 10.0325613022
01768 1464885126.5289251804 10.2405614853
01769 1464885126.5723364353 10.2405614853
01770 1464885126.6187603474 10.2405614853
01771 1464885126.6652297974 10.2405614853
01772 1464885126.7167336941 10.4014034271
01773 1464885126.7584609985 10.4014034271
01774 1464885126.8047504425 10.4014034271
01775 1464885126.8509552479 10.4014034271
01776 1464885126.8974552155 10.4014034271
01777 1464885126.9469525814 10.4014034271
01778 1464885126.9913687706 10.4014034271
01779 1464885127.0367679596 10.4014034271
01780 1464885127.0832424164 10.4014034271
01781 1464885127.1296458244 10.4014034271
01782 1464885127.1760869026 10.4014034271
01783 1464885127.2226412296 10.4014034271
01784 1464885127.2690601349 10.4014034271
01785 1464885127.3155198097 10.4014034271
01786 1464885127.3618495464 10.4014034271
01787 1464885127.4083254337 10.4014034271
01788 1464885127.4574372768 10.4014034271
01789 1464885127.5013084412 10.4014034271
01790 1464885127.5477073193 10.4014034271
01791 1464885127.5942435265 10.4014034271
01792 1464885127.6432912350 10.4014034271
01793 1464885127.6870892048 10.5571928024
01794 1464885127.7337491512 10.5571928024
01795 1464885127.7799017429 10.5571928024
01796 1464885127.8292849064 10.5571928024
01797 1464885127.8761239052 10.5571928024
01798 1464885127.9193251133 10.8202104568
01799 1464885127.9658558369 10.8202104568
01800 1464885128.0122525692 10.8202104568
01801 1464885128.0587720871 10.8202104568
01802 1464885128.1077897549 10.8202104568
01803 1464885128.1516087055 11.1121406555
01804 1464885128.2011189461 11.1121406555
01805 1464885128.2445282936 11.1121406555
01806 1464885128.2938809395 11.1121406555
01807 1464885128.3405272961 11.1121406555
01808 1464885128.3839194775 11.4150171280
01809 1464885128.4315898418 11.4150171280
01810 1464885128.4767262936 11.4150171280
01811 1464885128.5239760876 11.4150171280
01812 1464885128.5724368095 11.4150171280
01813 1464885128.6160972118 11.4150171280
01814 1464885128.6641864777 11.4150171280
01815 1464885128.7089192867 11.7869472504
01816 1464885128.7554697990 11.7869472504
01817 1464885128.8087530136 11.7869472504
01818 1464885128.8483626842 11.7869472504
01819 1464885128.8950316906 12.1389474869
01820 1464885128.9414715767 12.1389474869
01821 1464885128.9877326488 12.1389474869
01822 1464885129.0364360809 12.3407716751
01823 1464885129.0829989910 12.3407716751
01824 1464885129.1269268990 12.3407716751
01825 1464885129.1762819290 12.3407716751
01826 1464885129.2198848724 12.3407716751
01827 1464885129.2673721313 12.3407716751
01828 1464885129.3127858639 12.3407716751
01829 1464885129.3592128754 12.3407716751
01830 1464885129.4057216644 12.3407716751
01831 1464885129.4521980286 12.3407716751
01832 1464885129.4987251759 12.3407716751
01833 1464885129.5451138020 12.3407716751
01834 1464885129.5915188789 12.3407716751
01835 1464885129.6379578114 12.3407716751
01836 1464885129.6844000816 12.3407716751
01837 1464885129.7338931561 12.3407716751
01838 1464885129.7773375511 12.1585960388
01839 1464885129.8267219067 12.1585960388
01840 1464885129.8701200485 12.1585960388
01841 1464885129.9179317951 12.1585960388
01842 1464885129.9660604000 12.1585960388
01843 1464885130.0097868443 11.9733333588
01844 1464885130.0560402870 11.9733333588
01845 1464885130.1024770737 11.9733333588
01846 1464885130.1488869190 11.9733333588
01847 1464885130.1983537674 11.9733333588
01848 1464885130.2418487072 11.9733333588
01849 1464885130.2882978916 11.7271575928
01850 1464885130.3347921371 11.7271575928
01851 1464885130.3811397552 11.7271575928
01852 1464885130.4296336174 11.4161405563
01853 1464885130.4740147591 11.4161405563
01854 1464885130.5212996006 11.4161405563
01855 1464885130.5672159195 11.4161405563
01856 1464885130.6134147644 11.4161405563
01857 1464885130.6650097370 10.9970521927
01858 1464885130.7066364288 10.9970521927
01859 1464885130.7527043819 10.9970521927
01860 1464885130.7991821766 10.9970521927
01861 1464885130.8462758064 10.9970521927
01862 1464885130.8946330547 10.9970521927
01863 1464885130.9387121201 10.6268072128
01864 1464885130.9850320816 10.6268072128
01865 1464885131.0314574242 10.6268072128
01866 1464885131.0786461830 10.6268072128
01867 1464885131.1269760132 10.6268072128
01868 1464885131.1708996296 10.6268072128
01869 1464885131.2173037529 10.3497543335
01870 1464885131.2641820908 10.3497543335
01871 1464885131.3100640774 10.3497543335
01872 1464885131.3590393066 10.3497543335
01873 1464885131.4030261040 10.1616840363
01874 1464885131.4495289326 10.1616840363
01875 1464885131.4960007668 10.1616840363
01876 1464885131.5425498486 10.1616840363
01877 1464885131.5890703201 10.1616840363
01878 1464885131.6354744434 10.1616840363
01879 1464885131.6835472584 10.1616840363
01880 1464885131.7289414406 10.1616840363
01881 1464885131.7749280930 10.1616840363
01882 1464885131.8277039528 10.1616840363
01883 1464885131.8678073883 10.2955789566
01884 1464885131.9140210152 10.2955789566
01885 1464885131.9604744911 10.2955789566
01886 1464885132.0068967342 10.2955789566
01887 1464885132.0557055473 10.2955789566
01888 1464885132.0997786522 10.5804910660
01889 1464885132.1462192535 10.5804910660
01890 1464885132.1926791668 10.5804910660
01891 1464885132.2390973568 10.5804910660
01892 1464885132.2880940437 10.5804910660
01893 1464885132.3320553303 10.9173336029
01894 1464885132.3784675598 10.9173336029
01895 1464885132.4249246120 10.9173336029
01896 1464885132.4717454910 10.9173336029
01897 1464885132.5203113556 10.9173336029
01898 1464885132.5651309490 11.2912282944
01899 1464885132.6108007431 11.2912282944
01900 1464885132.6572945118 11.2912282944
01901 1464885132.7037193775 11.2912282944
01902 1464885132.7565979958 11.2912282944
01903 1464885132.7965798378 11.6101055145
01904 1464885132.8458504677 11.6101055145
01905 1464885132.8894557953 11.6101055145
01906 1464885132.9359397888 11.6101055145
01907 1464885132.9853360653 11.6101055145
01908 1464885133.0288405418 11.6101055145
01909 1464885133.0753340721 11.8411226273
01910 1464885133.1217117310 11.8411226273
01911 1464885133.1693978310 11.8411226273
01912 1464885133.2163884640 11.8411226273
01913 1464885133.2611122131 11.8411226273
01914 1464885133.3074831963 11.8411226273
01915 1464885133.3539688587 11.8411226273
01916 1464885133.4003751278 11.8411226273
01917 1464885133.4481937885 11.8411226273
01918 1464885133.4935128689 11.8411226273
01919 1464885133.5428390503 11.8411226273
01920 1464885133.5862696171 11.8411226273
01921 1464885133.6326265335 11.8411226273
01922 1464885133.6820096970 11.8411226273
01923 1464885133.7263302803 11.8411226273
01924 1464885133.7720439434 11.8411226273
01925 1464885133.8214724064 11.8411226273
01926 1464885133.8647890091 11.8411226273
01927 1464885133.9133083820 11.8411226273
01928 1464885133.9577925205 11.8411226273
01929 1464885134.0041952133 11.8411226273
01930 1464885134.0537989140 11.8411226273
01931 1464885134.0971980095 11.8411226273
01932 1464885134.1467018127 11.8411226273
01933 1464885134.1900880337 11.7518596649
01934 1464885134.2364480495 11.7518596649
01935 1464885134.2828867435 11.7518596649
01936 1464885134.3292520046 11.7518596649
01937 1464885134.3829846382 11.7518596649
01938 1464885134.4223303795 11.4616136551
01939 1464885134.4709308147 11.4616136551
01940 1464885134.5151424408 11.4616136551
01941 1464885134.5625908375 11.4616136551
01942 1464885134.6113216877 11.4616136551
01943 1464885134.6545376778 11.1424560547
01944 1464885134.7010457516 11.1424560547
01945 1464885134.7474448681 11.1424560547
01946 1464885134.7939810753 11.1424560547
01947 1464885134.8427000046 11.1424560547
01948 1464885134.8867454529 10.7581758499
01949 1464885134.9332208633 10.7581758499
01950 1464885134.9796614647 10.7581758499
01951 1464885135.0260663033 10.7581758499
01952 1464885135.0755505562 10.7581758499
01953 1464885135.1190230846 10.2969827652
01954 1464885135.1655573845 10.2969827652
01955 1464885135.2119891644 10.2969827652
01956 1464885135.2584784031 10.2969827652
01957 1464885135.3079776764 10.2969827652
01958 1464885135.3520157337 9.8908071518
01959 1464885135.3978190422 9.8908071518
01960 1464885135.4441463947 9.8908071518
01961 1464885135.4905157089 9.8908071518
01962 1464885135.5401251316 9.8908071518
01963 1464885135.5836672783 9.4885616302
01964 1464885135.6299891472 9.4885616302
01965 1464885135.6765172482 9.4885616302
01966 1464885135.7229242325 9.4885616302
01967 1464885135.7720224857 9.4885616302
01968 1464885135.8156523705 9.1323509216
01969 1464885135.8623318672 9.1323509216
01970 1464885135.9086983204 9.1323509216
01971 1464885135.9551351070 9.1323509216
01972 1464885136.0043740273 9.1323509216
01973 1464885136.0480372906 8.8432283401
01974 1464885136.0945179462 8.8432283401
01975 1464885136.1409463882 8.8432283401
01976 1464885136.1873550415 8.8432283401
01977 1464885136.2367823124 8.6220350266
01978 1464885136.2802741528 8.6220350266
01979 1464885136.3268823624 8.6220350266
01980 1464885136.3731908798 8.6220350266
01981 1464885136.4196202755 8.6220350266
01982 1464885136.4690637589 8.4109477997
01983 1464885136.5124795437 8.4109477997
01984 1464885136.5590136051 8.4109477997
01985 1464885136.6054480076 8.4109477997
01986 1464885136.6518840790 8.4109477997
01987 1464885136.7009229660 8.4109477997
01988 1464885136.7447896004 8.2217540741
01989 1464885136.7912237644 8.2217540741
01990 1464885136.8375861645 8.2217540741
01991 1464885136.8840875626 8.2217540741
01992 1464885136.9332678318 8.2217540741
01993 1464885136.9770271778 8.2217540741
01994 1464885137.0234401226 8.1016139984
01995 1464885137.0719797611 8.1016139984
01996 1464885137.1165742874 8.1016139984
01997 1464885137.1645839214 8.1016139984
01998 1464885137.2092542648 8.1016139984
01999 1464885137.2557089329 8.1016139984
02000 1464885137.3021514416 8.1016139984
02001 1464885137.3487958908 8.1016139984
02002 1464885137.3955326080 8.1016139984
02003 1464885137.4415121078 8.1016139984
02004 1464885137.4879961014 8.1016139984
02005 1464885137.5344667435 8.1016139984
02006 1464885137.5808713436 8.1016139984
02007 1464885137.6301918030 8.1016139984
02008 1464885137.6738264561 8.1016139984
02009 1464885137.7203896046 8.1555089951
02010 1464885137.7687859535 8.1555089951
02011 1464885137.8135547638 8.1555089951
02012 1464885137.8617677689 8.4404211044
02013 1464885137.9063916206 8.4404211044
02014 1464885137.9525828362 8.4404211044
02015 1464885137.9991075993 8.4404211044
02016 1464885138.0455255508 8.4404211044
02017 1464885138.0950915813 8.4404211044
02018 1464885138.1389980316 8.9844207764
02019 1464885138.1848943233 8.9844207764
02020 1464885138.2342319489 8.9844207764
02021 1464885138.2778429985 8.9844207764
02022 1464885138.3286812305 8.9844207764
02023 1464885138.3705368042 9.7134037018
02024 1464885138.4170188904 9.7134037018
02025 1464885138.4664843082 9.7134037018
02026 1464885138.5097413063 9.7134037018
02027 1464885138.5585532188 9.7134037018
02028 1464885138.6028110981 10.4721403122
02029 1464885138.6492414474 10.4721403122
02030 1464885138.6956527233 10.4721403122
02031 1464885138.7420539856 10.4721403122
02032 1464885138.7910730839 10.4721403122
02033 1464885138.8348770142 11.2289123535
02034 1464885138.8812704086 11.2289123535
02035 1464885138.9278652668 11.2289123535
02036 1464885138.9744222164 11.2289123535
02037 1464885139.0234956741 11.2289123535
02038 1464885139.0672106743 11.9927015305
02039 1464885139.1137287617 11.9927015305
02040 1464885139.1601326466 11.9927015305
02041 1464885139.2066476345 11.9927015305
02042 1464885139.2558917999 11.9927015305
02043 1464885139.2994267941 11.9927015305
02044 1464885139.3458621502 12.8075790405
02045 1464885139.3923933506 12.8075790405
02046 1464885139.4388275146 12.8075790405
02047 1464885139.4879291058 12.8075790405
02048 1464885139.5315632820 12.8075790405
02049 1464885139.5782549381 13.4843511581
02050 1464885139.6245968342 13.4843511581
02051 1464885139.6711046696 13.4843511581
02052 1464885139.7191781998 14.0342454910
02053 1464885139.7639429569 14.0342454910
02054 1464885139.8103742599 14.0342454910
02055 1464885139.8569474220 14.0342454910
02056 1464885139.9032623768 14.0342454910
02057 1464885139.9525187016 14.0342454910
02058 1464885139.9962749481 14.5470876694
02059 1464885140.0427024364 14.5470876694
02060 1464885140.0891337395 14.5470876694
02061 1464885140.1354675293 14.5470876694
02062 1464885140.1845929623 14.5470876694
02063 1464885140.2283742428 14.9998598099
02064 1464885140.2748353481 14.9998598099
02065 1464885140.3213796616 14.9998598099
02066 1464885140.3678011894 14.9998598099
02067 1464885140.4143013954 14.9998598099
02068 1464885140.4606947899 14.9998598099
02069 1464885140.5071549416 14.9998598099
02070 1464885140.5535936356 14.9998598099
02071 1464885140.6001653671 14.9998598099
02072 1464885140.6490855217 14.9998598099
02073 1464885140.6928944588 14.7357196808
02074 1464885140.7396597862 14.7357196808
02075 1464885140.7858910561 14.7357196808
02076 1464885140.8322234154 14.7357196808
02077 1464885140.8809356689 14.7357196808
02078 1464885140.9251606464 14.4474382401
02079 1464885140.9716491699 14.4474382401
02080 1464885141.0182375908 14.4474382401
02081 1464885141.0645945072 14.4474382401
02082 1464885141.1137685776 14.1302452087
02083 1464885141.1574804783 14.1302452087
02084 1464885141.2039225101 14.1302452087
02085 1464885141.2504227161 14.1302452087
02086 1464885141.2968595028 14.1302452087
02087 1464885141.3464369774 14.1302452087
02088 1464885141.3896942139 13.5242109299
02089 1464885141.4361038208 13.5242109299
02090 1464885141.4825143814 13.5242109299
02091 1464885141.5289773941 13.5242109299
02092 1464885141.5774021149 13.5242109299
02093 1464885141.6219346523 12.8101053238
02094 1464885141.6683108807 12.8101053238
02095 1464885141.7153973579 12.8101053238
02096 1464885141.7613928318 12.8101053238
02097 1464885141.8104157448 12.8101053238
02098 1464885141.8543729782 12.1100349426
02099 1464885141.9006540775 12.1100349426
